(kicad_pcb (version 20171130) (host pcbnew 5.0.2-bee76a0~70~ubuntu18.04.1)

  (general
    (thickness 1.6)
    (drawings 8)
    (tracks 162)
    (zones 0)
    (modules 35)
    (nets 54)
  )

  (page A4)
  (layers
    (0 F.Cu signal)
    (31 B.Cu signal)
    (32 B.Adhes user)
    (33 F.Adhes user)
    (34 B.Paste user)
    (35 F.Paste user)
    (36 B.SilkS user)
    (37 F.SilkS user)
    (38 B.Mask user)
    (39 F.Mask user)
    (40 Dwgs.User user)
    (41 Cmts.User user)
    (42 Eco1.User user)
    (43 Eco2.User user)
    (44 Edge.Cuts user)
    (45 Margin user)
    (46 B.CrtYd user)
    (47 F.CrtYd user)
    (48 B.Fab user)
    (49 F.Fab user)
  )

  (setup
    (last_trace_width 0.25)
    (trace_clearance 0.2)
    (zone_clearance 0.508)
    (zone_45_only no)
    (trace_min 0.2)
    (segment_width 0.2)
    (edge_width 0.15)
    (via_size 0.8)
    (via_drill 0.4)
    (via_min_size 0.4)
    (via_min_drill 0.3)
    (uvia_size 0.3)
    (uvia_drill 0.1)
    (uvias_allowed no)
    (uvia_min_size 0.2)
    (uvia_min_drill 0.1)
    (pcb_text_width 0.3)
    (pcb_text_size 1.5 1.5)
    (mod_edge_width 0.15)
    (mod_text_size 1 1)
    (mod_text_width 0.15)
    (pad_size 1.524 1.524)
    (pad_drill 0.762)
    (pad_to_mask_clearance 0.051)
    (solder_mask_min_width 0.25)
    (aux_axis_origin 0 0)
    (visible_elements FFFFFF7F)
    (pcbplotparams
      (layerselection 0x010fc_ffffffff)
      (usegerberextensions false)
      (usegerberattributes true)
      (usegerberadvancedattributes false)
      (creategerberjobfile false)
      (excludeedgelayer true)
      (linewidth 0.150000)
      (plotframeref false)
      (viasonmask false)
      (mode 1)
      (useauxorigin true)
      (hpglpennumber 1)
      (hpglpenspeed 20)
      (hpglpendiameter 15.000000)
      (psnegative false)
      (psa4output false)
      (plotreference true)
      (plotvalue true)
      (plotinvisibletext false)
      (padsonsilk false)
      (subtractmaskfromsilk false)
      (outputformat 1)
      (mirror false)
      (drillshape 0)
      (scaleselection 1)
      (outputdirectory "waterpump_rev1/"))
  )

  (net 0 "")
  (net 1 GND)
  (net 2 +3V3)
  (net 3 "Net-(C3-Pad2)")
  (net 4 /REQ_WATER_PLANT)
  (net 5 +5V)
  (net 6 +4V)
  (net 7 "Net-(J1-Pad2)")
  (net 8 "Net-(J1-Pad3)")
  (net 9 "Net-(J1-Pad4)")
  (net 10 "Net-(J2-Pad4)")
  (net 11 "Net-(J2-Pad3)")
  (net 12 "Net-(J2-Pad2)")
  (net 13 "Net-(J3-Pad2)")
  (net 14 "Net-(J3-Pad3)")
  (net 15 "Net-(J3-Pad4)")
  (net 16 /SWD_IO)
  (net 17 /SWD_CLK)
  (net 18 "Net-(J4-Pad6)")
  (net 19 "Net-(J4-Pad7)")
  (net 20 "Net-(J4-Pad8)")
  (net 21 /SWD_RESET)
  (net 22 "Net-(Q1-Pad1)")
  (net 23 "Net-(Q2-Pad1)")
  (net 24 /ENABLE_PUMP1)
  (net 25 "Net-(R8-Pad1)")
  (net 26 "Net-(D1-Pad2)")
  (net 27 /ENABLE_PUMP2)
  (net 28 /ENABLE_GSM)
  (net 29 /GSM_RST)
  (net 30 "Net-(R13-Pad1)")
  (net 31 /GSM_DTR)
  (net 32 "Net-(U2-Pad2)")
  (net 33 "Net-(U2-Pad3)")
  (net 34 "Net-(U2-Pad6)")
  (net 35 "Net-(U2-Pad12)")
  (net 36 "Net-(U2-Pad14)")
  (net 37 "Net-(U2-Pad26)")
  (net 38 /GSM_TX)
  (net 39 /GSM_RX)
  (net 40 "Net-(U4-Pad1)")
  (net 41 "Net-(U4-Pad7)")
  (net 42 "Net-(U4-Pad9)")
  (net 43 "Net-(U4-Pad10)")
  (net 44 "Net-(U4-Pad11)")
  (net 45 "Net-(U4-Pad12)")
  (net 46 "Net-(U2-Pad21)")
  (net 47 "Net-(U2-Pad22)")
  (net 48 "Net-(U2-Pad27)")
  (net 49 "Net-(U2-Pad25)")
  (net 50 "Net-(U2-Pad19)")
  (net 51 "Net-(U2-Pad20)")
  (net 52 "Net-(U2-Pad15)")
  (net 53 "Net-(U2-Pad18)")

  (net_class Default "This is the default net class."
    (clearance 0.2)
    (trace_width 0.25)
    (via_dia 0.8)
    (via_drill 0.4)
    (uvia_dia 0.3)
    (uvia_drill 0.1)
    (add_net +3V3)
    (add_net +4V)
    (add_net /ENABLE_GSM)
    (add_net /ENABLE_PUMP1)
    (add_net /ENABLE_PUMP2)
    (add_net /GSM_DTR)
    (add_net /GSM_RST)
    (add_net /GSM_RX)
    (add_net /GSM_TX)
    (add_net /REQ_WATER_PLANT)
    (add_net /SWD_CLK)
    (add_net /SWD_IO)
    (add_net /SWD_RESET)
    (add_net GND)
    (add_net "Net-(C3-Pad2)")
    (add_net "Net-(D1-Pad2)")
    (add_net "Net-(J1-Pad2)")
    (add_net "Net-(J1-Pad3)")
    (add_net "Net-(J1-Pad4)")
    (add_net "Net-(J2-Pad2)")
    (add_net "Net-(J2-Pad3)")
    (add_net "Net-(J3-Pad2)")
    (add_net "Net-(J3-Pad3)")
    (add_net "Net-(J4-Pad6)")
    (add_net "Net-(J4-Pad7)")
    (add_net "Net-(J4-Pad8)")
    (add_net "Net-(Q1-Pad1)")
    (add_net "Net-(Q2-Pad1)")
    (add_net "Net-(R13-Pad1)")
    (add_net "Net-(R8-Pad1)")
    (add_net "Net-(U2-Pad12)")
    (add_net "Net-(U2-Pad14)")
    (add_net "Net-(U2-Pad15)")
    (add_net "Net-(U2-Pad18)")
    (add_net "Net-(U2-Pad19)")
    (add_net "Net-(U2-Pad2)")
    (add_net "Net-(U2-Pad20)")
    (add_net "Net-(U2-Pad21)")
    (add_net "Net-(U2-Pad22)")
    (add_net "Net-(U2-Pad25)")
    (add_net "Net-(U2-Pad26)")
    (add_net "Net-(U2-Pad27)")
    (add_net "Net-(U2-Pad3)")
    (add_net "Net-(U2-Pad6)")
    (add_net "Net-(U4-Pad1)")
    (add_net "Net-(U4-Pad10)")
    (add_net "Net-(U4-Pad11)")
    (add_net "Net-(U4-Pad12)")
    (add_net "Net-(U4-Pad7)")
    (add_net "Net-(U4-Pad9)")
  )

  (net_class PUMP_PWR ""
    (clearance 0.2)
    (trace_width 0.504)
    (via_dia 0.8)
    (via_drill 0.4)
    (uvia_dia 0.3)
    (uvia_drill 0.1)
    (add_net +5V)
    (add_net "Net-(J2-Pad4)")
    (add_net "Net-(J3-Pad4)")
  )

  (module Connector_USB:USB_Mini-B_Lumberg_2486_01_Horizontal (layer F.Cu) (tedit 5AC6B535) (tstamp 5D77006D)
    (at 129.413 85.217 180)
    (descr "USB Mini-B 5-pin SMD connector, http://downloads.lumberg.com/datenblaetter/en/2486_01.pdf")
    (tags "USB USB_B USB_Mini connector")
    (path /5D5FE7C1)
    (attr smd)
    (fp_text reference J1 (at 0 -5 180) (layer F.SilkS)
      (effects (font (size 1 1) (thickness 0.15)))
    )
    (fp_text value USB_B_Mini (at 0 7.5 180) (layer F.Fab)
      (effects (font (size 1 1) (thickness 0.15)))
    )
    (fp_line (start 2.35 -4.2) (end -2.35 -4.2) (layer F.CrtYd) (width 0.05))
    (fp_line (start 2.35 -3.95) (end 2.35 -4.2) (layer F.CrtYd) (width 0.05))
    (fp_line (start 4.35 1.5) (end 5.95 1.5) (layer F.CrtYd) (width 0.05))
    (fp_line (start 4.35 4.2) (end 5.95 4.2) (layer F.CrtYd) (width 0.05))
    (fp_line (start 4.35 6.35) (end 4.35 4.2) (layer F.CrtYd) (width 0.05))
    (fp_line (start 3.91 5.91) (end -3.91 5.91) (layer F.SilkS) (width 0.12))
    (fp_line (start -1.6 -2.85) (end -1.25 -3.35) (layer F.Fab) (width 0.1))
    (fp_line (start -2.11 -3.41) (end -2.11 -3.84) (layer F.SilkS) (width 0.12))
    (fp_text user %R (at 0 1.6) (layer F.Fab)
      (effects (font (size 1 1) (thickness 0.15)))
    )
    (fp_line (start 3.91 5.91) (end 3.91 3.96) (layer F.SilkS) (width 0.12))
    (fp_line (start 3.91 1.74) (end 3.91 -1.49) (layer F.SilkS) (width 0.12))
    (fp_line (start 2.11 -3.41) (end 3.19 -3.41) (layer F.SilkS) (width 0.12))
    (fp_line (start -3.19 -3.41) (end -2.11 -3.41) (layer F.SilkS) (width 0.12))
    (fp_line (start -3.91 1.74) (end -3.91 -1.49) (layer F.SilkS) (width 0.12))
    (fp_line (start -3.91 5.91) (end -3.91 3.96) (layer F.SilkS) (width 0.12))
    (fp_line (start 3.85 5.85) (end 3.85 -3.35) (layer F.Fab) (width 0.1))
    (fp_line (start -3.85 5.85) (end 3.85 5.85) (layer F.Fab) (width 0.1))
    (fp_line (start -3.85 -3.35) (end -3.85 5.85) (layer F.Fab) (width 0.1))
    (fp_line (start -3.85 -3.35) (end 3.85 -3.35) (layer F.Fab) (width 0.1))
    (fp_line (start -4.35 6.35) (end 4.35 6.35) (layer F.CrtYd) (width 0.05))
    (fp_line (start 5.95 -3.95) (end 2.35 -3.95) (layer F.CrtYd) (width 0.05))
    (fp_line (start 5.95 1.5) (end 5.95 4.2) (layer F.CrtYd) (width 0.05))
    (fp_line (start -1.95 -3.35) (end -1.6 -2.85) (layer F.Fab) (width 0.1))
    (fp_line (start 4.35 -1.25) (end 4.35 1.5) (layer F.CrtYd) (width 0.05))
    (fp_line (start 4.35 -1.25) (end 5.95 -1.25) (layer F.CrtYd) (width 0.05))
    (fp_line (start 5.95 -3.95) (end 5.95 -1.25) (layer F.CrtYd) (width 0.05))
    (fp_line (start -2.35 -3.95) (end -2.35 -4.2) (layer F.CrtYd) (width 0.05))
    (fp_line (start -5.95 -3.95) (end -2.35 -3.95) (layer F.CrtYd) (width 0.05))
    (fp_line (start -5.95 -3.95) (end -5.95 -1.25) (layer F.CrtYd) (width 0.05))
    (fp_line (start -4.35 -1.25) (end -5.95 -1.25) (layer F.CrtYd) (width 0.05))
    (fp_line (start -4.35 -1.25) (end -4.35 1.5) (layer F.CrtYd) (width 0.05))
    (fp_line (start -4.35 1.5) (end -5.95 1.5) (layer F.CrtYd) (width 0.05))
    (fp_line (start -5.95 1.5) (end -5.95 4.2) (layer F.CrtYd) (width 0.05))
    (fp_line (start -4.35 4.2) (end -5.95 4.2) (layer F.CrtYd) (width 0.05))
    (fp_line (start -4.35 6.35) (end -4.35 4.2) (layer F.CrtYd) (width 0.05))
    (pad 1 smd rect (at -1.6 -2.7 180) (size 0.5 2) (layers F.Cu F.Paste F.Mask)
      (net 5 +5V))
    (pad 2 smd rect (at -0.8 -2.7 180) (size 0.5 2) (layers F.Cu F.Paste F.Mask)
      (net 7 "Net-(J1-Pad2)"))
    (pad 3 smd rect (at 0 -2.7 180) (size 0.5 2) (layers F.Cu F.Paste F.Mask)
      (net 8 "Net-(J1-Pad3)"))
    (pad 4 smd rect (at 0.8 -2.7 180) (size 0.5 2) (layers F.Cu F.Paste F.Mask)
      (net 9 "Net-(J1-Pad4)"))
    (pad 5 smd rect (at 1.6 -2.7 180) (size 0.5 2) (layers F.Cu F.Paste F.Mask)
      (net 1 GND))
    (pad 6 smd rect (at -4.45 -2.6 180) (size 2 1.7) (layers F.Cu F.Paste F.Mask)
      (net 1 GND))
    (pad 6 smd rect (at -4.45 2.85 180) (size 2 1.7) (layers F.Cu F.Paste F.Mask)
      (net 1 GND))
    (pad 6 smd rect (at 4.45 -2.6 180) (size 2 1.7) (layers F.Cu F.Paste F.Mask)
      (net 1 GND))
    (pad 6 smd rect (at 4.45 2.85 180) (size 2 1.7) (layers F.Cu F.Paste F.Mask)
      (net 1 GND))
    (pad "" np_thru_hole circle (at -2.2 0 180) (size 1 1) (drill 1) (layers *.Cu *.Mask))
    (pad "" np_thru_hole circle (at 2.2 0 180) (size 1 1) (drill 1) (layers *.Cu *.Mask))
    (model ${KISYS3DMOD}/Connector_USB.3dshapes/USB_Mini-B_Lumberg_2486_01_Horizontal.wrl
      (at (xyz 0 0 0))
      (scale (xyz 1 1 1))
      (rotate (xyz 0 0 0))
    )
  )

  (module Resistor_SMD:R_0805_2012Metric (layer F.Cu) (tedit 5B36C52B) (tstamp 5D7ECBF3)
    (at 147.2565 130.952 90)
    (descr "Resistor SMD 0805 (2012 Metric), square (rectangular) end terminal, IPC_7351 nominal, (Body size source: https://docs.google.com/spreadsheets/d/1BsfQQcO9C6DZCsRaXUlFlo91Tg2WpOkGARC1WS5S8t0/edit?usp=sharing), generated with kicad-footprint-generator")
    (tags resistor)
    (path /5D47C6C2)
    (attr smd)
    (fp_text reference R2 (at 0 -1.65 90) (layer F.SilkS)
      (effects (font (size 1 1) (thickness 0.15)))
    )
    (fp_text value 100 (at 0 1.65 90) (layer F.Fab)
      (effects (font (size 1 1) (thickness 0.15)))
    )
    (fp_text user %R (at 0 0 90) (layer F.Fab)
      (effects (font (size 0.5 0.5) (thickness 0.08)))
    )
    (fp_line (start 1.68 0.95) (end -1.68 0.95) (layer F.CrtYd) (width 0.05))
    (fp_line (start 1.68 -0.95) (end 1.68 0.95) (layer F.CrtYd) (width 0.05))
    (fp_line (start -1.68 -0.95) (end 1.68 -0.95) (layer F.CrtYd) (width 0.05))
    (fp_line (start -1.68 0.95) (end -1.68 -0.95) (layer F.CrtYd) (width 0.05))
    (fp_line (start -0.258578 0.71) (end 0.258578 0.71) (layer F.SilkS) (width 0.12))
    (fp_line (start -0.258578 -0.71) (end 0.258578 -0.71) (layer F.SilkS) (width 0.12))
    (fp_line (start 1 0.6) (end -1 0.6) (layer F.Fab) (width 0.1))
    (fp_line (start 1 -0.6) (end 1 0.6) (layer F.Fab) (width 0.1))
    (fp_line (start -1 -0.6) (end 1 -0.6) (layer F.Fab) (width 0.1))
    (fp_line (start -1 0.6) (end -1 -0.6) (layer F.Fab) (width 0.1))
    (pad 2 smd roundrect (at 0.9375 0 90) (size 0.975 1.4) (layers F.Cu F.Paste F.Mask) (roundrect_rratio 0.25)
      (net 3 "Net-(C3-Pad2)"))
    (pad 1 smd roundrect (at -0.9375 0 90) (size 0.975 1.4) (layers F.Cu F.Paste F.Mask) (roundrect_rratio 0.25)
      (net 1 GND))
    (model ${KISYS3DMOD}/Resistor_SMD.3dshapes/R_0805_2012Metric.wrl
      (at (xyz 0 0 0))
      (scale (xyz 1 1 1))
      (rotate (xyz 0 0 0))
    )
  )

  (module Resistor_SMD:R_0805_2012Metric (layer F.Cu) (tedit 5B36C52B) (tstamp 5D6AB672)
    (at 147.2565 127.0785 270)
    (descr "Resistor SMD 0805 (2012 Metric), square (rectangular) end terminal, IPC_7351 nominal, (Body size source: https://docs.google.com/spreadsheets/d/1BsfQQcO9C6DZCsRaXUlFlo91Tg2WpOkGARC1WS5S8t0/edit?usp=sharing), generated with kicad-footprint-generator")
    (tags resistor)
    (path /5D48109B)
    (attr smd)
    (fp_text reference C3 (at 0.0485 1.5875 270) (layer F.SilkS)
      (effects (font (size 1 1) (thickness 0.15)))
    )
    (fp_text value 100nF (at 0 1.65 270) (layer F.Fab)
      (effects (font (size 1 1) (thickness 0.15)))
    )
    (fp_text user %R (at 0 0 270) (layer F.Fab)
      (effects (font (size 0.5 0.5) (thickness 0.08)))
    )
    (fp_line (start 1.68 0.95) (end -1.68 0.95) (layer F.CrtYd) (width 0.05))
    (fp_line (start 1.68 -0.95) (end 1.68 0.95) (layer F.CrtYd) (width 0.05))
    (fp_line (start -1.68 -0.95) (end 1.68 -0.95) (layer F.CrtYd) (width 0.05))
    (fp_line (start -1.68 0.95) (end -1.68 -0.95) (layer F.CrtYd) (width 0.05))
    (fp_line (start -0.258578 0.71) (end 0.258578 0.71) (layer F.SilkS) (width 0.12))
    (fp_line (start -0.258578 -0.71) (end 0.258578 -0.71) (layer F.SilkS) (width 0.12))
    (fp_line (start 1 0.6) (end -1 0.6) (layer F.Fab) (width 0.1))
    (fp_line (start 1 -0.6) (end 1 0.6) (layer F.Fab) (width 0.1))
    (fp_line (start -1 -0.6) (end 1 -0.6) (layer F.Fab) (width 0.1))
    (fp_line (start -1 0.6) (end -1 -0.6) (layer F.Fab) (width 0.1))
    (pad 2 smd roundrect (at 0.9375 0 270) (size 0.975 1.4) (layers F.Cu F.Paste F.Mask) (roundrect_rratio 0.25)
      (net 3 "Net-(C3-Pad2)"))
    (pad 1 smd roundrect (at -0.9375 0 270) (size 0.975 1.4) (layers F.Cu F.Paste F.Mask) (roundrect_rratio 0.25)
      (net 4 /REQ_WATER_PLANT))
    (model ${KISYS3DMOD}/Resistor_SMD.3dshapes/R_0805_2012Metric.wrl
      (at (xyz 0 0 0))
      (scale (xyz 1 1 1))
      (rotate (xyz 0 0 0))
    )
  )

  (module Button_Switch_THT:SW_PUSH-12mm (layer F.Cu) (tedit 5D160D14) (tstamp 5D96E97E)
    (at 163.503 129.333 180)
    (descr "SW PUSH 12mm https://www.e-switch.com/system/asset/product_line/data_sheet/143/TL1100.pdf")
    (tags "tact sw push 12mm")
    (path /5D47AB49)
    (fp_text reference SW1 (at 6.08 9.572 180) (layer F.SilkS)
      (effects (font (size 1 1) (thickness 0.15)))
    )
    (fp_text value SW_Push (at 6.62 9.93 180) (layer F.Fab)
      (effects (font (size 1 1) (thickness 0.15)))
    )
    (fp_line (start 0.25 8.5) (end 12.25 8.5) (layer F.Fab) (width 0.1))
    (fp_line (start 0.25 -3.5) (end 12.25 -3.5) (layer F.Fab) (width 0.1))
    (fp_line (start 12.25 -3.5) (end 12.25 8.5) (layer F.Fab) (width 0.1))
    (fp_text user %R (at 6.35 2.54 180) (layer F.Fab)
      (effects (font (size 1 1) (thickness 0.15)))
    )
    (fp_line (start 0.1 -3.65) (end 12.4 -3.65) (layer F.SilkS) (width 0.12))
    (fp_line (start 12.4 0.93) (end 12.4 4.07) (layer F.SilkS) (width 0.12))
    (fp_line (start 12.4 8.65) (end 0.1 8.65) (layer F.SilkS) (width 0.12))
    (fp_line (start 0.1 -0.93) (end 0.1 -3.65) (layer F.SilkS) (width 0.12))
    (fp_line (start -1.77 -3.75) (end 14.25 -3.75) (layer F.CrtYd) (width 0.05))
    (fp_line (start -1.77 -3.75) (end -1.77 8.75) (layer F.CrtYd) (width 0.05))
    (fp_line (start 14.25 8.75) (end 14.25 -3.75) (layer F.CrtYd) (width 0.05))
    (fp_line (start 14.25 8.75) (end -1.77 8.75) (layer F.CrtYd) (width 0.05))
    (fp_circle (center 6.35 2.54) (end 10.16 5.08) (layer F.SilkS) (width 0.12))
    (fp_line (start 0.25 -3.5) (end 0.25 8.5) (layer F.Fab) (width 0.1))
    (fp_line (start 0.1 8.65) (end 0.1 5.93) (layer F.SilkS) (width 0.12))
    (fp_line (start 0.1 4.07) (end 0.1 0.93) (layer F.SilkS) (width 0.12))
    (fp_line (start 12.4 5.93) (end 12.4 8.65) (layer F.SilkS) (width 0.12))
    (fp_line (start 12.4 -3.65) (end 12.4 -0.93) (layer F.SilkS) (width 0.12))
    (pad 1 thru_hole oval (at 12.5 0 180) (size 3.048 1.85) (drill 1.3) (layers *.Cu *.Mask)
      (net 1 GND))
    (pad 2 thru_hole oval (at 12.5 5 180) (size 3.048 1.85) (drill 1.3) (layers *.Cu *.Mask)
      (net 4 /REQ_WATER_PLANT))
    (pad 1 thru_hole oval (at 0 0 180) (size 3.048 1.85) (drill 1.3) (layers *.Cu *.Mask)
      (net 1 GND))
    (pad 2 thru_hole oval (at 0 5 180) (size 3.048 1.85) (drill 1.3) (layers *.Cu *.Mask)
      (net 4 /REQ_WATER_PLANT))
    (model ${KISYS3DMOD}/Button_Switch_THT.3dshapes/SW_PUSH-12mm.wrl
      (at (xyz 0 0 0))
      (scale (xyz 1 1 1))
      (rotate (xyz 0 0 0))
    )
  )

  (module Resistor_SMD:R_0805_2012Metric (layer F.Cu) (tedit 5B36C52B) (tstamp 5D7701A4)
    (at 169.276 105.156 180)
    (descr "Resistor SMD 0805 (2012 Metric), square (rectangular) end terminal, IPC_7351 nominal, (Body size source: https://docs.google.com/spreadsheets/d/1BsfQQcO9C6DZCsRaXUlFlo91Tg2WpOkGARC1WS5S8t0/edit?usp=sharing), generated with kicad-footprint-generator")
    (tags resistor)
    (path /5D4B236D)
    (attr smd)
    (fp_text reference R6 (at -2.936 -0.127 180) (layer F.SilkS)
      (effects (font (size 1 1) (thickness 0.15)))
    )
    (fp_text value 10k (at 0 1.65 180) (layer F.Fab)
      (effects (font (size 1 1) (thickness 0.15)))
    )
    (fp_text user %R (at 0 0 180) (layer F.Fab)
      (effects (font (size 0.5 0.5) (thickness 0.08)))
    )
    (fp_line (start 1.68 0.95) (end -1.68 0.95) (layer F.CrtYd) (width 0.05))
    (fp_line (start 1.68 -0.95) (end 1.68 0.95) (layer F.CrtYd) (width 0.05))
    (fp_line (start -1.68 -0.95) (end 1.68 -0.95) (layer F.CrtYd) (width 0.05))
    (fp_line (start -1.68 0.95) (end -1.68 -0.95) (layer F.CrtYd) (width 0.05))
    (fp_line (start -0.258578 0.71) (end 0.258578 0.71) (layer F.SilkS) (width 0.12))
    (fp_line (start -0.258578 -0.71) (end 0.258578 -0.71) (layer F.SilkS) (width 0.12))
    (fp_line (start 1 0.6) (end -1 0.6) (layer F.Fab) (width 0.1))
    (fp_line (start 1 -0.6) (end 1 0.6) (layer F.Fab) (width 0.1))
    (fp_line (start -1 -0.6) (end 1 -0.6) (layer F.Fab) (width 0.1))
    (fp_line (start -1 0.6) (end -1 -0.6) (layer F.Fab) (width 0.1))
    (pad 2 smd roundrect (at 0.9375 0 180) (size 0.975 1.4) (layers F.Cu F.Paste F.Mask) (roundrect_rratio 0.25)
      (net 21 /SWD_RESET))
    (pad 1 smd roundrect (at -0.9375 0 180) (size 0.975 1.4) (layers F.Cu F.Paste F.Mask) (roundrect_rratio 0.25)
      (net 2 +3V3))
    (model ${KISYS3DMOD}/Resistor_SMD.3dshapes/R_0805_2012Metric.wrl
      (at (xyz 0 0 0))
      (scale (xyz 1 1 1))
      (rotate (xyz 0 0 0))
    )
  )

  (module Resistor_SMD:R_0805_2012Metric (layer F.Cu) (tedit 5B36C52B) (tstamp 5D67AE10)
    (at 145.1125 109.601 180)
    (descr "Resistor SMD 0805 (2012 Metric), square (rectangular) end terminal, IPC_7351 nominal, (Body size source: https://docs.google.com/spreadsheets/d/1BsfQQcO9C6DZCsRaXUlFlo91Tg2WpOkGARC1WS5S8t0/edit?usp=sharing), generated with kicad-footprint-generator")
    (tags resistor)
    (path /5D4B4E78)
    (attr smd)
    (fp_text reference C1 (at 2.8725 0 180) (layer F.SilkS)
      (effects (font (size 1 1) (thickness 0.15)))
    )
    (fp_text value 100nF (at 0 1.65 180) (layer F.Fab)
      (effects (font (size 1 1) (thickness 0.15)))
    )
    (fp_text user %R (at 0 0 180) (layer F.Fab)
      (effects (font (size 0.5 0.5) (thickness 0.08)))
    )
    (fp_line (start 1.68 0.95) (end -1.68 0.95) (layer F.CrtYd) (width 0.05))
    (fp_line (start 1.68 -0.95) (end 1.68 0.95) (layer F.CrtYd) (width 0.05))
    (fp_line (start -1.68 -0.95) (end 1.68 -0.95) (layer F.CrtYd) (width 0.05))
    (fp_line (start -1.68 0.95) (end -1.68 -0.95) (layer F.CrtYd) (width 0.05))
    (fp_line (start -0.258578 0.71) (end 0.258578 0.71) (layer F.SilkS) (width 0.12))
    (fp_line (start -0.258578 -0.71) (end 0.258578 -0.71) (layer F.SilkS) (width 0.12))
    (fp_line (start 1 0.6) (end -1 0.6) (layer F.Fab) (width 0.1))
    (fp_line (start 1 -0.6) (end 1 0.6) (layer F.Fab) (width 0.1))
    (fp_line (start -1 -0.6) (end 1 -0.6) (layer F.Fab) (width 0.1))
    (fp_line (start -1 0.6) (end -1 -0.6) (layer F.Fab) (width 0.1))
    (pad 2 smd roundrect (at 0.9375 0 180) (size 0.975 1.4) (layers F.Cu F.Paste F.Mask) (roundrect_rratio 0.25)
      (net 1 GND))
    (pad 1 smd roundrect (at -0.9375 0 180) (size 0.975 1.4) (layers F.Cu F.Paste F.Mask) (roundrect_rratio 0.25)
      (net 2 +3V3))
    (model ${KISYS3DMOD}/Resistor_SMD.3dshapes/R_0805_2012Metric.wrl
      (at (xyz 0 0 0))
      (scale (xyz 1 1 1))
      (rotate (xyz 0 0 0))
    )
  )

  (module Resistor_SMD:R_0805_2012Metric (layer F.Cu) (tedit 5B36C52B) (tstamp 5D7EAEE5)
    (at 145.2395 107.2515 180)
    (descr "Resistor SMD 0805 (2012 Metric), square (rectangular) end terminal, IPC_7351 nominal, (Body size source: https://docs.google.com/spreadsheets/d/1BsfQQcO9C6DZCsRaXUlFlo91Tg2WpOkGARC1WS5S8t0/edit?usp=sharing), generated with kicad-footprint-generator")
    (tags resistor)
    (path /5D4B4E22)
    (attr smd)
    (fp_text reference C2 (at 3.19 0 180) (layer F.SilkS)
      (effects (font (size 1 1) (thickness 0.15)))
    )
    (fp_text value 100nF (at 0 1.65 180) (layer F.Fab)
      (effects (font (size 1 1) (thickness 0.15)))
    )
    (fp_line (start -1 0.6) (end -1 -0.6) (layer F.Fab) (width 0.1))
    (fp_line (start -1 -0.6) (end 1 -0.6) (layer F.Fab) (width 0.1))
    (fp_line (start 1 -0.6) (end 1 0.6) (layer F.Fab) (width 0.1))
    (fp_line (start 1 0.6) (end -1 0.6) (layer F.Fab) (width 0.1))
    (fp_line (start -0.258578 -0.71) (end 0.258578 -0.71) (layer F.SilkS) (width 0.12))
    (fp_line (start -0.258578 0.71) (end 0.258578 0.71) (layer F.SilkS) (width 0.12))
    (fp_line (start -1.68 0.95) (end -1.68 -0.95) (layer F.CrtYd) (width 0.05))
    (fp_line (start -1.68 -0.95) (end 1.68 -0.95) (layer F.CrtYd) (width 0.05))
    (fp_line (start 1.68 -0.95) (end 1.68 0.95) (layer F.CrtYd) (width 0.05))
    (fp_line (start 1.68 0.95) (end -1.68 0.95) (layer F.CrtYd) (width 0.05))
    (fp_text user %R (at 0 0 180) (layer F.Fab)
      (effects (font (size 0.5 0.5) (thickness 0.08)))
    )
    (pad 1 smd roundrect (at -0.9375 0 180) (size 0.975 1.4) (layers F.Cu F.Paste F.Mask) (roundrect_rratio 0.25)
      (net 2 +3V3))
    (pad 2 smd roundrect (at 0.9375 0 180) (size 0.975 1.4) (layers F.Cu F.Paste F.Mask) (roundrect_rratio 0.25)
      (net 1 GND))
    (model ${KISYS3DMOD}/Resistor_SMD.3dshapes/R_0805_2012Metric.wrl
      (at (xyz 0 0 0))
      (scale (xyz 1 1 1))
      (rotate (xyz 0 0 0))
    )
  )

  (module Resistor_SMD:R_0805_2012Metric (layer F.Cu) (tedit 5B36C52B) (tstamp 5D76FFE6)
    (at 160.909 115.204 270)
    (descr "Resistor SMD 0805 (2012 Metric), square (rectangular) end terminal, IPC_7351 nominal, (Body size source: https://docs.google.com/spreadsheets/d/1BsfQQcO9C6DZCsRaXUlFlo91Tg2WpOkGARC1WS5S8t0/edit?usp=sharing), generated with kicad-footprint-generator")
    (tags resistor)
    (path /5D4B4D72)
    (attr smd)
    (fp_text reference C4 (at 0 -1.65 270) (layer F.SilkS)
      (effects (font (size 1 1) (thickness 0.15)))
    )
    (fp_text value 100nF (at 0 1.65 270) (layer F.Fab)
      (effects (font (size 1 1) (thickness 0.15)))
    )
    (fp_line (start -1 0.6) (end -1 -0.6) (layer F.Fab) (width 0.1))
    (fp_line (start -1 -0.6) (end 1 -0.6) (layer F.Fab) (width 0.1))
    (fp_line (start 1 -0.6) (end 1 0.6) (layer F.Fab) (width 0.1))
    (fp_line (start 1 0.6) (end -1 0.6) (layer F.Fab) (width 0.1))
    (fp_line (start -0.258578 -0.71) (end 0.258578 -0.71) (layer F.SilkS) (width 0.12))
    (fp_line (start -0.258578 0.71) (end 0.258578 0.71) (layer F.SilkS) (width 0.12))
    (fp_line (start -1.68 0.95) (end -1.68 -0.95) (layer F.CrtYd) (width 0.05))
    (fp_line (start -1.68 -0.95) (end 1.68 -0.95) (layer F.CrtYd) (width 0.05))
    (fp_line (start 1.68 -0.95) (end 1.68 0.95) (layer F.CrtYd) (width 0.05))
    (fp_line (start 1.68 0.95) (end -1.68 0.95) (layer F.CrtYd) (width 0.05))
    (fp_text user %R (at 0 0 270) (layer F.Fab)
      (effects (font (size 0.5 0.5) (thickness 0.08)))
    )
    (pad 1 smd roundrect (at -0.9375 0 270) (size 0.975 1.4) (layers F.Cu F.Paste F.Mask) (roundrect_rratio 0.25)
      (net 2 +3V3))
    (pad 2 smd roundrect (at 0.9375 0 270) (size 0.975 1.4) (layers F.Cu F.Paste F.Mask) (roundrect_rratio 0.25)
      (net 1 GND))
    (model ${KISYS3DMOD}/Resistor_SMD.3dshapes/R_0805_2012Metric.wrl
      (at (xyz 0 0 0))
      (scale (xyz 1 1 1))
      (rotate (xyz 0 0 0))
    )
  )

  (module Resistor_SMD:R_0805_2012Metric (layer F.Cu) (tedit 5B36C52B) (tstamp 5D76FFF7)
    (at 145.1125 111.633 180)
    (descr "Resistor SMD 0805 (2012 Metric), square (rectangular) end terminal, IPC_7351 nominal, (Body size source: https://docs.google.com/spreadsheets/d/1BsfQQcO9C6DZCsRaXUlFlo91Tg2WpOkGARC1WS5S8t0/edit?usp=sharing), generated with kicad-footprint-generator")
    (tags resistor)
    (path /5D4F12F9)
    (attr smd)
    (fp_text reference C5 (at 2.936 0 180) (layer F.SilkS)
      (effects (font (size 1 1) (thickness 0.15)))
    )
    (fp_text value 1uF (at 0 1.65 180) (layer F.Fab)
      (effects (font (size 1 1) (thickness 0.15)))
    )
    (fp_line (start -1 0.6) (end -1 -0.6) (layer F.Fab) (width 0.1))
    (fp_line (start -1 -0.6) (end 1 -0.6) (layer F.Fab) (width 0.1))
    (fp_line (start 1 -0.6) (end 1 0.6) (layer F.Fab) (width 0.1))
    (fp_line (start 1 0.6) (end -1 0.6) (layer F.Fab) (width 0.1))
    (fp_line (start -0.258578 -0.71) (end 0.258578 -0.71) (layer F.SilkS) (width 0.12))
    (fp_line (start -0.258578 0.71) (end 0.258578 0.71) (layer F.SilkS) (width 0.12))
    (fp_line (start -1.68 0.95) (end -1.68 -0.95) (layer F.CrtYd) (width 0.05))
    (fp_line (start -1.68 -0.95) (end 1.68 -0.95) (layer F.CrtYd) (width 0.05))
    (fp_line (start 1.68 -0.95) (end 1.68 0.95) (layer F.CrtYd) (width 0.05))
    (fp_line (start 1.68 0.95) (end -1.68 0.95) (layer F.CrtYd) (width 0.05))
    (fp_text user %R (at 0 0 180) (layer F.Fab)
      (effects (font (size 0.5 0.5) (thickness 0.08)))
    )
    (pad 1 smd roundrect (at -0.9375 0 180) (size 0.975 1.4) (layers F.Cu F.Paste F.Mask) (roundrect_rratio 0.25)
      (net 2 +3V3))
    (pad 2 smd roundrect (at 0.9375 0 180) (size 0.975 1.4) (layers F.Cu F.Paste F.Mask) (roundrect_rratio 0.25)
      (net 1 GND))
    (model ${KISYS3DMOD}/Resistor_SMD.3dshapes/R_0805_2012Metric.wrl
      (at (xyz 0 0 0))
      (scale (xyz 1 1 1))
      (rotate (xyz 0 0 0))
    )
  )

  (module Resistor_SMD:R_0805_2012Metric (layer F.Cu) (tedit 5B36C52B) (tstamp 5D6AB2C0)
    (at 134.6985 104.5845 180)
    (descr "Resistor SMD 0805 (2012 Metric), square (rectangular) end terminal, IPC_7351 nominal, (Body size source: https://docs.google.com/spreadsheets/d/1BsfQQcO9C6DZCsRaXUlFlo91Tg2WpOkGARC1WS5S8t0/edit?usp=sharing), generated with kicad-footprint-generator")
    (tags resistor)
    (path /5D46E705)
    (attr smd)
    (fp_text reference C6 (at -2.906 0 180) (layer F.SilkS)
      (effects (font (size 1 1) (thickness 0.15)))
    )
    (fp_text value 1uF (at 0 1.65 180) (layer F.Fab)
      (effects (font (size 1 1) (thickness 0.15)))
    )
    (fp_text user %R (at -0.3325 0 180) (layer F.Fab)
      (effects (font (size 0.5 0.5) (thickness 0.08)))
    )
    (fp_line (start 1.68 0.95) (end -1.68 0.95) (layer F.CrtYd) (width 0.05))
    (fp_line (start 1.68 -0.95) (end 1.68 0.95) (layer F.CrtYd) (width 0.05))
    (fp_line (start -1.68 -0.95) (end 1.68 -0.95) (layer F.CrtYd) (width 0.05))
    (fp_line (start -1.68 0.95) (end -1.68 -0.95) (layer F.CrtYd) (width 0.05))
    (fp_line (start -0.258578 0.71) (end 0.258578 0.71) (layer F.SilkS) (width 0.12))
    (fp_line (start -0.258578 -0.71) (end 0.258578 -0.71) (layer F.SilkS) (width 0.12))
    (fp_line (start 1 0.6) (end -1 0.6) (layer F.Fab) (width 0.1))
    (fp_line (start 1 -0.6) (end 1 0.6) (layer F.Fab) (width 0.1))
    (fp_line (start -1 -0.6) (end 1 -0.6) (layer F.Fab) (width 0.1))
    (fp_line (start -1 0.6) (end -1 -0.6) (layer F.Fab) (width 0.1))
    (pad 2 smd roundrect (at 0.9375 0 180) (size 0.975 1.4) (layers F.Cu F.Paste F.Mask) (roundrect_rratio 0.25)
      (net 1 GND))
    (pad 1 smd roundrect (at -0.9375 0 180) (size 0.975 1.4) (layers F.Cu F.Paste F.Mask) (roundrect_rratio 0.25)
      (net 5 +5V))
    (model ${KISYS3DMOD}/Resistor_SMD.3dshapes/R_0805_2012Metric.wrl
      (at (xyz 0 0 0))
      (scale (xyz 1 1 1))
      (rotate (xyz 0 0 0))
    )
  )

  (module Resistor_SMD:R_0805_2012Metric (layer F.Cu) (tedit 5B36C52B) (tstamp 5D67B38F)
    (at 135.636 111.1735 180)
    (descr "Resistor SMD 0805 (2012 Metric), square (rectangular) end terminal, IPC_7351 nominal, (Body size source: https://docs.google.com/spreadsheets/d/1BsfQQcO9C6DZCsRaXUlFlo91Tg2WpOkGARC1WS5S8t0/edit?usp=sharing), generated with kicad-footprint-generator")
    (tags resistor)
    (path /5D46E769)
    (attr smd)
    (fp_text reference C7 (at -2.921 0.0485 180) (layer F.SilkS)
      (effects (font (size 1 1) (thickness 0.15)))
    )
    (fp_text value 1uF (at 0 1.65 180) (layer F.Fab)
      (effects (font (size 1 1) (thickness 0.15)))
    )
    (fp_line (start -1 0.6) (end -1 -0.6) (layer F.Fab) (width 0.1))
    (fp_line (start -1 -0.6) (end 1 -0.6) (layer F.Fab) (width 0.1))
    (fp_line (start 1 -0.6) (end 1 0.6) (layer F.Fab) (width 0.1))
    (fp_line (start 1 0.6) (end -1 0.6) (layer F.Fab) (width 0.1))
    (fp_line (start -0.258578 -0.71) (end 0.258578 -0.71) (layer F.SilkS) (width 0.12))
    (fp_line (start -0.258578 0.71) (end 0.258578 0.71) (layer F.SilkS) (width 0.12))
    (fp_line (start -1.68 0.95) (end -1.68 -0.95) (layer F.CrtYd) (width 0.05))
    (fp_line (start -1.68 -0.95) (end 1.68 -0.95) (layer F.CrtYd) (width 0.05))
    (fp_line (start 1.68 -0.95) (end 1.68 0.95) (layer F.CrtYd) (width 0.05))
    (fp_line (start 1.68 0.95) (end -1.68 0.95) (layer F.CrtYd) (width 0.05))
    (fp_text user %R (at 0 0 180) (layer F.Fab)
      (effects (font (size 0.5 0.5) (thickness 0.08)))
    )
    (pad 1 smd roundrect (at -0.9375 0 180) (size 0.975 1.4) (layers F.Cu F.Paste F.Mask) (roundrect_rratio 0.25)
      (net 2 +3V3))
    (pad 2 smd roundrect (at 0.9375 0 180) (size 0.975 1.4) (layers F.Cu F.Paste F.Mask) (roundrect_rratio 0.25)
      (net 1 GND))
    (model ${KISYS3DMOD}/Resistor_SMD.3dshapes/R_0805_2012Metric.wrl
      (at (xyz 0 0 0))
      (scale (xyz 1 1 1))
      (rotate (xyz 0 0 0))
    )
  )

  (module Resistor_SMD:R_0805_2012Metric (layer F.Cu) (tedit 5B36C52B) (tstamp 5D77002A)
    (at 129.1105 95.1865)
    (descr "Resistor SMD 0805 (2012 Metric), square (rectangular) end terminal, IPC_7351 nominal, (Body size source: https://docs.google.com/spreadsheets/d/1BsfQQcO9C6DZCsRaXUlFlo91Tg2WpOkGARC1WS5S8t0/edit?usp=sharing), generated with kicad-footprint-generator")
    (tags resistor)
    (path /5D47CC0B)
    (attr smd)
    (fp_text reference C8 (at 0 -1.65) (layer F.SilkS)
      (effects (font (size 1 1) (thickness 0.15)))
    )
    (fp_text value 1uF (at 0 1.65) (layer F.Fab)
      (effects (font (size 1 1) (thickness 0.15)))
    )
    (fp_text user %R (at 0 0) (layer F.Fab)
      (effects (font (size 0.5 0.5) (thickness 0.08)))
    )
    (fp_line (start 1.68 0.95) (end -1.68 0.95) (layer F.CrtYd) (width 0.05))
    (fp_line (start 1.68 -0.95) (end 1.68 0.95) (layer F.CrtYd) (width 0.05))
    (fp_line (start -1.68 -0.95) (end 1.68 -0.95) (layer F.CrtYd) (width 0.05))
    (fp_line (start -1.68 0.95) (end -1.68 -0.95) (layer F.CrtYd) (width 0.05))
    (fp_line (start -0.258578 0.71) (end 0.258578 0.71) (layer F.SilkS) (width 0.12))
    (fp_line (start -0.258578 -0.71) (end 0.258578 -0.71) (layer F.SilkS) (width 0.12))
    (fp_line (start 1 0.6) (end -1 0.6) (layer F.Fab) (width 0.1))
    (fp_line (start 1 -0.6) (end 1 0.6) (layer F.Fab) (width 0.1))
    (fp_line (start -1 -0.6) (end 1 -0.6) (layer F.Fab) (width 0.1))
    (fp_line (start -1 0.6) (end -1 -0.6) (layer F.Fab) (width 0.1))
    (pad 2 smd roundrect (at 0.9375 0) (size 0.975 1.4) (layers F.Cu F.Paste F.Mask) (roundrect_rratio 0.25)
      (net 1 GND))
    (pad 1 smd roundrect (at -0.9375 0) (size 0.975 1.4) (layers F.Cu F.Paste F.Mask) (roundrect_rratio 0.25)
      (net 5 +5V))
    (model ${KISYS3DMOD}/Resistor_SMD.3dshapes/R_0805_2012Metric.wrl
      (at (xyz 0 0 0))
      (scale (xyz 1 1 1))
      (rotate (xyz 0 0 0))
    )
  )

  (module Resistor_SMD:R_0805_2012Metric (layer F.Cu) (tedit 5B36C52B) (tstamp 5D6ABB2F)
    (at 139.3675 126.619 180)
    (descr "Resistor SMD 0805 (2012 Metric), square (rectangular) end terminal, IPC_7351 nominal, (Body size source: https://docs.google.com/spreadsheets/d/1BsfQQcO9C6DZCsRaXUlFlo91Tg2WpOkGARC1WS5S8t0/edit?usp=sharing), generated with kicad-footprint-generator")
    (tags resistor)
    (path /5D5EAF6B)
    (attr smd)
    (fp_text reference C10 (at 0 -1.65 180) (layer F.SilkS)
      (effects (font (size 1 1) (thickness 0.15)))
    )
    (fp_text value 1uF (at 0 1.65 180) (layer F.Fab)
      (effects (font (size 1 1) (thickness 0.15)))
    )
    (fp_line (start -1 0.6) (end -1 -0.6) (layer F.Fab) (width 0.1))
    (fp_line (start -1 -0.6) (end 1 -0.6) (layer F.Fab) (width 0.1))
    (fp_line (start 1 -0.6) (end 1 0.6) (layer F.Fab) (width 0.1))
    (fp_line (start 1 0.6) (end -1 0.6) (layer F.Fab) (width 0.1))
    (fp_line (start -0.258578 -0.71) (end 0.258578 -0.71) (layer F.SilkS) (width 0.12))
    (fp_line (start -0.258578 0.71) (end 0.258578 0.71) (layer F.SilkS) (width 0.12))
    (fp_line (start -1.68 0.95) (end -1.68 -0.95) (layer F.CrtYd) (width 0.05))
    (fp_line (start -1.68 -0.95) (end 1.68 -0.95) (layer F.CrtYd) (width 0.05))
    (fp_line (start 1.68 -0.95) (end 1.68 0.95) (layer F.CrtYd) (width 0.05))
    (fp_line (start 1.68 0.95) (end -1.68 0.95) (layer F.CrtYd) (width 0.05))
    (fp_text user %R (at 0 0 180) (layer F.Fab)
      (effects (font (size 0.5 0.5) (thickness 0.08)))
    )
    (pad 1 smd roundrect (at -0.9375 0 180) (size 0.975 1.4) (layers F.Cu F.Paste F.Mask) (roundrect_rratio 0.25)
      (net 6 +4V))
    (pad 2 smd roundrect (at 0.9375 0 180) (size 0.975 1.4) (layers F.Cu F.Paste F.Mask) (roundrect_rratio 0.25)
      (net 1 GND))
    (model ${KISYS3DMOD}/Resistor_SMD.3dshapes/R_0805_2012Metric.wrl
      (at (xyz 0 0 0))
      (scale (xyz 1 1 1))
      (rotate (xyz 0 0 0))
    )
  )

  (module Connector_PinHeader_1.27mm:PinHeader_2x05_P1.27mm_Vertical_SMD (layer F.Cu) (tedit 59FED6E3) (tstamp 5D77010A)
    (at 170.307 110.109 180)
    (descr "surface-mounted straight pin header, 2x05, 1.27mm pitch, double rows")
    (tags "Surface mounted pin header SMD 2x05 1.27mm double row")
    (path /5D4AA481)
    (attr smd)
    (fp_text reference J4 (at 0 -4.235 180) (layer F.SilkS)
      (effects (font (size 1 1) (thickness 0.15)))
    )
    (fp_text value Conn_ARM_JTAG_SWD_10 (at 0.254 4.445 180) (layer F.Fab)
      (effects (font (size 1 1) (thickness 0.15)))
    )
    (fp_line (start 1.705 3.175) (end -1.705 3.175) (layer F.Fab) (width 0.1))
    (fp_line (start -1.27 -3.175) (end 1.705 -3.175) (layer F.Fab) (width 0.1))
    (fp_line (start -1.705 3.175) (end -1.705 -2.74) (layer F.Fab) (width 0.1))
    (fp_line (start -1.705 -2.74) (end -1.27 -3.175) (layer F.Fab) (width 0.1))
    (fp_line (start 1.705 -3.175) (end 1.705 3.175) (layer F.Fab) (width 0.1))
    (fp_line (start -1.705 -2.74) (end -2.75 -2.74) (layer F.Fab) (width 0.1))
    (fp_line (start -2.75 -2.74) (end -2.75 -2.34) (layer F.Fab) (width 0.1))
    (fp_line (start -2.75 -2.34) (end -1.705 -2.34) (layer F.Fab) (width 0.1))
    (fp_line (start 1.705 -2.74) (end 2.75 -2.74) (layer F.Fab) (width 0.1))
    (fp_line (start 2.75 -2.74) (end 2.75 -2.34) (layer F.Fab) (width 0.1))
    (fp_line (start 2.75 -2.34) (end 1.705 -2.34) (layer F.Fab) (width 0.1))
    (fp_line (start -1.705 -1.47) (end -2.75 -1.47) (layer F.Fab) (width 0.1))
    (fp_line (start -2.75 -1.47) (end -2.75 -1.07) (layer F.Fab) (width 0.1))
    (fp_line (start -2.75 -1.07) (end -1.705 -1.07) (layer F.Fab) (width 0.1))
    (fp_line (start 1.705 -1.47) (end 2.75 -1.47) (layer F.Fab) (width 0.1))
    (fp_line (start 2.75 -1.47) (end 2.75 -1.07) (layer F.Fab) (width 0.1))
    (fp_line (start 2.75 -1.07) (end 1.705 -1.07) (layer F.Fab) (width 0.1))
    (fp_line (start -1.705 -0.2) (end -2.75 -0.2) (layer F.Fab) (width 0.1))
    (fp_line (start -2.75 -0.2) (end -2.75 0.2) (layer F.Fab) (width 0.1))
    (fp_line (start -2.75 0.2) (end -1.705 0.2) (layer F.Fab) (width 0.1))
    (fp_line (start 1.705 -0.2) (end 2.75 -0.2) (layer F.Fab) (width 0.1))
    (fp_line (start 2.75 -0.2) (end 2.75 0.2) (layer F.Fab) (width 0.1))
    (fp_line (start 2.75 0.2) (end 1.705 0.2) (layer F.Fab) (width 0.1))
    (fp_line (start -1.705 1.07) (end -2.75 1.07) (layer F.Fab) (width 0.1))
    (fp_line (start -2.75 1.07) (end -2.75 1.47) (layer F.Fab) (width 0.1))
    (fp_line (start -2.75 1.47) (end -1.705 1.47) (layer F.Fab) (width 0.1))
    (fp_line (start 1.705 1.07) (end 2.75 1.07) (layer F.Fab) (width 0.1))
    (fp_line (start 2.75 1.07) (end 2.75 1.47) (layer F.Fab) (width 0.1))
    (fp_line (start 2.75 1.47) (end 1.705 1.47) (layer F.Fab) (width 0.1))
    (fp_line (start -1.705 2.34) (end -2.75 2.34) (layer F.Fab) (width 0.1))
    (fp_line (start -2.75 2.34) (end -2.75 2.74) (layer F.Fab) (width 0.1))
    (fp_line (start -2.75 2.74) (end -1.705 2.74) (layer F.Fab) (width 0.1))
    (fp_line (start 1.705 2.34) (end 2.75 2.34) (layer F.Fab) (width 0.1))
    (fp_line (start 2.75 2.34) (end 2.75 2.74) (layer F.Fab) (width 0.1))
    (fp_line (start 2.75 2.74) (end 1.705 2.74) (layer F.Fab) (width 0.1))
    (fp_line (start -1.765 -3.235) (end 1.765 -3.235) (layer F.SilkS) (width 0.12))
    (fp_line (start -1.765 3.235) (end 1.765 3.235) (layer F.SilkS) (width 0.12))
    (fp_line (start -3.09 -3.17) (end -1.765 -3.17) (layer F.SilkS) (width 0.12))
    (fp_line (start -1.765 -3.235) (end -1.765 -3.17) (layer F.SilkS) (width 0.12))
    (fp_line (start 1.765 -3.235) (end 1.765 -3.17) (layer F.SilkS) (width 0.12))
    (fp_line (start -1.765 3.17) (end -1.765 3.235) (layer F.SilkS) (width 0.12))
    (fp_line (start 1.765 3.17) (end 1.765 3.235) (layer F.SilkS) (width 0.12))
    (fp_line (start -4.3 -3.7) (end -4.3 3.7) (layer F.CrtYd) (width 0.05))
    (fp_line (start -4.3 3.7) (end 4.3 3.7) (layer F.CrtYd) (width 0.05))
    (fp_line (start 4.3 3.7) (end 4.3 -3.7) (layer F.CrtYd) (width 0.05))
    (fp_line (start 4.3 -3.7) (end -4.3 -3.7) (layer F.CrtYd) (width 0.05))
    (fp_text user %R (at 0 0 270) (layer F.Fab)
      (effects (font (size 1 1) (thickness 0.15)))
    )
    (pad 1 smd rect (at -1.95 -2.54 180) (size 2.4 0.74) (layers F.Cu F.Paste F.Mask)
      (net 2 +3V3))
    (pad 2 smd rect (at 1.95 -2.54 180) (size 2.4 0.74) (layers F.Cu F.Paste F.Mask)
      (net 16 /SWD_IO))
    (pad 3 smd rect (at -1.95 -1.27 180) (size 2.4 0.74) (layers F.Cu F.Paste F.Mask)
      (net 1 GND))
    (pad 4 smd rect (at 1.95 -1.27 180) (size 2.4 0.74) (layers F.Cu F.Paste F.Mask)
      (net 17 /SWD_CLK))
    (pad 5 smd rect (at -1.95 0 180) (size 2.4 0.74) (layers F.Cu F.Paste F.Mask)
      (net 1 GND))
    (pad 6 smd rect (at 1.95 0 180) (size 2.4 0.74) (layers F.Cu F.Paste F.Mask)
      (net 18 "Net-(J4-Pad6)"))
    (pad 7 smd rect (at -1.95 1.27 180) (size 2.4 0.74) (layers F.Cu F.Paste F.Mask)
      (net 19 "Net-(J4-Pad7)"))
    (pad 8 smd rect (at 1.95 1.27 180) (size 2.4 0.74) (layers F.Cu F.Paste F.Mask)
      (net 20 "Net-(J4-Pad8)"))
    (pad 9 smd rect (at -1.95 2.54 180) (size 2.4 0.74) (layers F.Cu F.Paste F.Mask)
      (net 1 GND))
    (pad 10 smd rect (at 1.95 2.54 180) (size 2.4 0.74) (layers F.Cu F.Paste F.Mask)
      (net 21 /SWD_RESET))
    (model ${KISYS3DMOD}/Connector_PinHeader_1.27mm.3dshapes/PinHeader_2x05_P1.27mm_Vertical_SMD.wrl
      (at (xyz 0 0 0))
      (scale (xyz 1 1 1))
      (rotate (xyz 0 0 0))
    )
  )

  (module Package_TO_SOT_THT:TO-220-3_Vertical (layer F.Cu) (tedit 5AC8BA0D) (tstamp 5D96FDEC)
    (at 149.098 96.266 180)
    (descr "TO-220-3, Vertical, RM 2.54mm, see https://www.vishay.com/docs/66542/to-220-1.pdf")
    (tags "TO-220-3 Vertical RM 2.54mm")
    (path /5D5623FD)
    (fp_text reference Q1 (at 2.54 -4.27 180) (layer F.SilkS)
      (effects (font (size 1 1) (thickness 0.15)))
    )
